MongoDB shell version: 2.4.9
connecting to: music
27
33
39
42
57
67
88
95
107
157
165
174
176
179
180
182
205
207
218
219
221
225
239
253
270
279
280
288
291
298
310
335
584
362
374
376
391
403
407
415
416
425
427
447
453
456
467
472
497
515
517
522
523
538
548
556
565
576
587
590
605
618
672
678
684
702
718
719
726
732
734
747
755
757
764
772
802
803
808
816
823
828
835
841
846
851
881
893
928
945
949
950
952
961
976
991
1003
1012
1023
1024
1040
1056
1060
1072
1081
1111
1116
1118
1134
1136
1158
1162
1164
1169
1185
1194
1215
1216
1240
1247
1249
1268
1270
1300
1332
1335
1343
1346
1357
1381
1382
1393
1394
1398
1404
1405
1414
1445
1452
1468
1470
1475
1480
1486
1492
1507
1524
1533
1543
1546
1551
1587
1596
1608
1612
1613
1618
1629
1631
1632
1637
1639
1648
1654
1656
1658
1665
1681
1688
1713
1735
1740
1748
1754
1757
1769
1771
1773
1774
1796
1800
1810
1844
1847
1853
1861
1864
1869
1870
1872
1883
1885
1890
1895
1898
1899
1904
1936
1939
1940
1949
1958
1982
1987
1992
1994
2009
2061
2075
2085
2088
2097
2112
2113
2119
2151
2171
2173
2179
2186
2203
2213
2218
2229
2235
2237
2242
2258
2272
2280
2297
2323
2327
2332
2335
2337
2338
2348
2364
2370
2373
2376
2383
2414
2426
2427
2431
2440
2450
2484
2495
2502
2522
2525
2528
2544
2546
2548
2564
2593
2605
2611
2618
2623
2641
2645
2650
2660
2667
2683
2684
2686
2701
2707
2709
2720
2725
2743
2744
2755
2757
2760
2772
2783
2797
2823
2845
2862
2878
2889
2911
2913
2930
2938
2942
2945
2952
2957
2987
3024
3041
3057
3072
3085
3092
3111
3113
3114
3119
3126
3132
3137
3146
3148
3150
3153
3158
3159
3164
3165
3171
3197
3210
3235
3244
3251
3255
3261
3271
3302
3304
3307
3318
3352
3353
3373
3374
3375
3376
3383
3398
3411
3428
3429
3445
3446
3462
3476
3480
3485
3489
3499
3504
3510
3511
3512
3523
3533
3553
3575
3580
3586
3587
3594
3599
3604
3608
3611
3618
3620
3627
3655
3661
3662
3672
3680
3700
3702
3705
3745
3759
3770
3778
3794
3803
3813
3817
3828
3849
3870
3871
3881
3900
3902
3906
3909
3924
3935
3939
3944
3959
3972
3993
3999
4008
4022
4025
4056
4066
4069
4070
4090
4117
4130
4146
4154
4167
4172
4176
4180
4199
4200
4209
4212
4219
4230
4232
4249
4255
4259
4264
4272
4275
4290
4292
4311
4318
4328
4331
4353
4368
4381
4382
4388
4391
4401
4422
4449
4470
4485
4488
4499
4501
4513
4516
4539
4543
4560
4566
4580
4584
4602
4605
4606
4609
4639
4640
4643
4664
4679
4689
4695
4703
4706
4714
4716
4748
4790
4796
4804
4805
4828
4852
4858
4866
4904
4917
4937
4945
4947
4950
4965
4975
4977
5013
5017
5027
5053
5055
5079
5081
5084
5089
5103
5114
5134
5147
5155
5160
5162
5163
5171
5175
5180
5191
5201
5213
5216
5217
5227
5242
5246
5255
5286
5292
5293
5305
5317
5318
5319
5329
5330
5338
5339
5340
5348
5366
5384
5386
5393
5395
5400
5419
5440
5444
5450
5454
5465
5484
5487
5497
5499
5510
5512
5520
5554
5558
5563
5564
5592
5612
5617
5622
5633
5651
5656
5658
5698
5700
5701
5722
5729
5739
5750
5751
5756
5768
5780
5789
5790
5799
5822
5824
5833
5861
5863
5866
5876
5877
5883
5884
5897
5913
5923
5927
5931
5937
5958
5964
5966
5970
5972
5984
5998
5999
6006
6010
6030
6047
6052
6054
6067
6084
6086
6087
6088
6091
6121
6123
6133
6142
6155
6185
6187
6189
6227
6232
6242
6246
6263
6266
6271
6272
6335
6341
6343
6358
6359
6365
6384
6390
6404
6408
6421
6426
6427
6430
6434
6456
6469
6474
6477
6479
6483
6485
6486
6494
6497
6499
6508
6509
6520
6536
6537
6540
6554
6565
6575
6582
6590
6597
6598
6613
6631
6638
6644
6647
6649
6672
6674
6675
6681
6702
6712
6716
6718
6722
6742
6748
6752
6762
6772
6781
6782
6785
6795
6797
6800
6812
6843
6846
6861
6863
6874
6895
6897
6930
6960
6983
6988
6996
7006
7010
7017
7054
7094
7096
7105
7113
7115
7151
7152
7162
7165
7175
7180
7191
7202
7220
7235
7242
7259
7265
7267
7270
7273
7276
7284
7298
7299
7305
7310
7312
7314
7327
7334
7339
7346
7351
7359
7363
7365
7373
7382
7387
7388
7411
7434
7443
7500
7505
7508
7516
7563
7567
7581
7590
7598
7626
7627
7641
7643
7672
7678
7704
7708
7712
7713
7714
7716
7717
7719
7756
7761
7764
7771
7777
7780
7788
7789
7806
7825
7835
7836
7840
7842
7861
7868
7871
7879
7885
7886
7906
7938
7945
7974
8013
8034
8041
8045
8053
8071
8076
8090
8094
8109
8113
8139
8194
8204
8217
8220
8227
8246
8269
8271
8275
8284
8291
8308
8314
8315
8325
8333
8345
8351
8354
8385
8386
8387
8391
8393
8424
8428
8440
8454
8475
8485
8493
8495
8504
8506
8508
8516
8526
8529
8536
8568
8570
8571
8576
8582
8585
8591
8598
8622
8634
8637
8640
8659
8664
8668
8672
8684
8696
8732
8734
8736
8737
8743
8756
8764
8765
8766
8778
8783
8789
8798
8805
8835
8862
8886
8888
8892
8903
8919
8922
8943
8944
8958
8959
8961
8965
8980
8987
8992
8996
8997
9002
9017
9019
9023
9043
9057
9063
9065
9072
9103
9109
9154
9161
9181
9184
9196
9220
9229
9232
9259
9276
9279
9284
9286
9293
9294
9298
9301
9303
9307
9329
9343
9354
9355
9357
9360
9388
9390
9407
9419
9444
9450
9468
9478
9481
9488
9494
9497
9509
9513
9516
9522
9533
9545
9552
9559
9560
9572
9611
9624
9628
9632
9634
9648
9666
9683
9702
9713
9716
9724
9742
9746
9760
9766
9791
9792
9797
9798
9813
9821
9829
9834
9835
9836
9869
9870
9873
9878
9888
9891
9895
9920
9927
9941
9942
10000
10004
10010
10012
10025
10033
10051
10055
10062
10066
10067
10071
10076
10086
10109
10127
10136
10139
10140
10142
10170
10180
10195
10202
10204
10207
10210
10242
10246
10256
10260
10272
10282
10286
10290
10293
10297
10301
10303
10309
10326
10332
10343
10358
10391
10398
10402
10403
10416
10422
10451
10456
10468
10477
10486
10488
10520
10521
10528
10541
10552
10580
10584
10632
10633
10657
10672
10677
10680
10685
10694
10703
10744
10745
10748
10761
10772
10805
10807
10825
10828
10873
10877
10880
10892
10910
10912
10913
10933
10934
10939
10949
10994
11003
11010
11015
11034
11036
11037
11040
11041
11052
11055
11060
11063
11065
11075
11076
11090
11099
11118
11121
11140
11144
11147
11162
11190
11194
11200
11207
11208
11211
11217
11238
11242
11251
11263
11265
11271
11294
11308
11316
11323
11329
11331
11334
11339
11343
11344
11347
11348
11357
11371
11410
11429
11440
11452
11454
11467
11481
11501
11508
11516
11519
11526
11530
11551
11554
11558
11562
11574
11578
11591
11592
11607
11614
11617
11661
11662
11663
11674
11675
11676
11682
11685
11699
11703
11717
11721
11722
11724
11735
11755
11758
11774
11776
11807
11820
11821
11835
11838
11857
11877
11880
11887
11890
11898
11899
11903
11913
11919
11920
11928
11931
11933
11942
11944
11958
11963
11974
11993
11996
12006
12012
12013
12015
12018
12029
12034
12040
12056
12066
12072
12088
12090
12093
12096
12097
12119
12130
12143
12149
12176
12182
12188
12189
12198
12202
12222
12229
12237
12244
12262
12266
12272
12281
12282
12285
12286
12290
12294
12303
12327
12341
12367
12369
12378
12386
12389
12403
12404
12413
12424
12435
12440
12442
12447
12453
12459
12466
12485
12496
12530
12546
12563
12574
12575
12584
12601
12609
12613
12628
12642
12655
12664
12680
12697
12699
12706
12721
12728
12737
12751
12757
12759
12761
12766
12771
12789
12791
12793
12800
12821
12822
12823
12831
12837
12842
12847
12853
12871
12873
12875
12881
12889
12895
12901
12905
12907
12909
12913
12914
12915
12919
12928
12933
12934
12938
12952
12954
12957
12963
12991
13002
13007
13018
13034
13039
13043
13058
13060
13067
13070
13075
13096
13102
13117
13143
13154
13172
13178
13181
13196
13197
13200
13208
13210
13212
13225
13228
13235
13239
13250
13264
13278
13279
13280
13282
13287
13306
13311
13323
13326
13330
13336
13346
13372
13392
13396
13432
13437
13441
13445
13446
13456
13460
13467
13505
13506
13526
13549
13581
13586
13593
13598
13613
13618
13619
13620
13671
13680
13681
13685
13688
13708
13728
13738
13750
13766
13780
13821
13828
13830
13832
13852
13859
13860
13950
13958
13959
13966
14017
14026
14035
14045
14047
14064
14068
14080
14083
14090
14106
14110
14114
14122
14153
14157
14166
14178
14190
14199
14201
14204
14208
14244
14252
14253
14257
14258
14277
14282
14289
14296
14301
14305
14311
14333
14355
14356
14360
14364
14381
14391
14402
14403
14406
14407
14418
14419
14429
14432
14438
14442
14471
14479
14480
14490
14506
14509
14513
14518
14528
14539
14541
14544
14549
14564
14597
14605
14608
14614
14621
14622
14623
14629
14630
14637
14639
14650
14658
14659
14667
14669
14670
14689
14705
14725
14742
14765
14767
14772
14773
14799
14802
14804
14807
14811
14815
14877
14890
14908
14919
14924
14930
14932
14936
14941
14954
14961
14986
15004
15006
15007
15019
15023
15024
15040
15048
15052
15058
15071
15084
15090
15146
15166
15175
15176
15179
15182
15197
15217
15224
15234
15249
15279
15304
15306
15313
15321
15359
15411
15412
15414
15428
15446
15472
15476
15480
15484
15501
15504
15528
15533
15546
15548
15561
15579
15587
15596
15597
15609
15618
15621
15623
15639
15641
15663
15679
15698
15725
15728
15729
15731
15740
15759
15765
15783
15788
15791
15800
15823
15835
15841
15842
15845
15858
15873
15879
15880
15884
15889
15928
15930
15933
15959
15962
15972
15981
15982
15986
16013
16030
16041
16051
16066
16074
16080
16085
16106
16114
16116
16117
16123
16132
16155
16165
16166
16168
16182
16207
16217
16227
16240
16254
16259
16302
16316
16321
16349
16351
16408
16409
16427
16432
16437
16484
16498
16503
16507
16509
16513
16518
16519
16528
16532
16548
16552
16568
16570
16573
16595
16607
16623
16624
16625
16634
16636
16637
16639
16643
16656
16684
16689
16695
16700
16713
16723
16730
16741
16750
16754
16755
16758
16781
16786
16790
16793
16834
16843
16852
16854
16867
16880
16894
16895
16906
16916
16917
16930
16950
16968
16982
16987
16991
17005
17010
17022
17037
17049
17053
17075
17076
17100
17101
17111
17113
17123
17126
17127
17147
17148
17153
17155
17165
17169
17194
17202
17203
17208
17209
17214
17230
17235
17244
17261
17270
17276
17293
17299
17300
17301
17309
17316
17337
17345
17349
17353
17394
17396
17406
17415
17419
17432
17433
17442
17468
17478
17486
17490
17529
17539
17555
17574
17576
17578
17585
17593
17595
17617
17618
17620
17653
17655
17659
17676
17682
17686
17687
17693
17705
17711
17714
17731
17739
17740
17749
17751
17757
17768
17769
17778
17783
17812
17819
17820
17828
17829
17832
17840
17847
17886
17904
17907
17908
17923
17928
17934
17939
17940
17957
17962
17969
17972
17973
17984
17995
18001
18005
18013
18027
18055
18060
18081
18095
18098
18114
18133
18150
18152
18154
18171
18173
18184
18185
18192
18220
18223
18248
18256
18275
18296
18302
18304
18310
18326
18329
18354
18357
18382
18387
18416
18418
18422
18440
18446
18453
18455
18474
18492
18509
18516
18518
18523
18534
18538
18552
18577
18585
18590
18601
18619
18629
18635
18636
18649
18653
18654
18658
18661
18672
18675
18678
18681
18691
18697
18702
18707
18712
18716
18719
18772
18804
18831
18835
18851
18857
18880
18890
18896
18905
18911
18913
18927
18940
18955
18957
18962
18965
18967
18977
18987
18995
19008
19014
19034
19041
19044
19062
19066
19071
19094
19105
19110
19113
19139
19146
19147
19153
19159
19172
19181
19191
19197
19215
19231
19235
19272
19297
19303
19307
19317
19322
19336
19337
19348
19368
19369
19374
19391
19394
19396
19405
19425
19469
19483
19486
19494
19504
19518
19534
19535
19541
19549
19575
19592
19603
19628
19632
19638
19653
19657
19661
19672
19683
19685
19687
19688
19698
19704
19714
19715
19720
19736
19755
19789
19802
19805
19822
19823
19837
19843
19846
19873
19876
19910
19921
19950
19955
19970
19975
20029
20038
20041
20045
20057
20069
20070
20072
20083
20084
20101
20114
20116
20118
20123
20128
20135
20140
20151
20152
20155
20159
20160
20163
20186
20192
20221
20224
20235
20240
20257
20258
20260
20267
20272
20276
20279
20297
20308
20314
20324
20325
20332
20364
20367
20375
20376
20378
20383
20386
20387
20391
20398
20432
20433
20441
20465
20468
20473
20476
20489
20490
20504
20510
20516
20519
20526
20531
20546
20550
20553
20562
20563
20574
20591
20605
20611
20618
20623
20624
20633
20638
20650
20655
20685
20691
20693
20702
20706
20712
20738
20742
20753
20757
20782
20789
20811
20822
20846
20875
20902
20904
20910
20913
20926
20939
20940
20944
20946
20954
20958
20967
20977
20979
20987
20994
21003
21010
21022
21024
21036
21038
21043
21050
21058
21059
21073
21074
21088
21110
21112
21115
21122
21132
21133
21145
21165
21167
21169
21178
21188
21195
21210
21214
21216
21217
21219
21220
21239
21244
21252
21268
21297
21336
21341
21406
21422
21438
21444
21452
21460
21462
21465
21478
21495
21498
21527
21533
21534
21538
21539
21540
21541
21547
21551
21559
21564
21591
21595
21597
21601
21603
21621
21631
21643
21702
21714
21727
21734
21737
21747
21764
21770
21773
21785
21799
21836
21847
21851
21865
21867
21903
21917
21918
21926
21932
21933
21938
21943
21947
21951
21957
21958
21967
21970
21978
21994
22007
22033
22054
22070
22071
22076
22092
22096
22123
22136
22147
22148
22149
22154
22157
22179
22187
22222
22232
22233
22238
22241
22256
22282
22288
22323
22325
22338
22340
22341
22368
22371
22380
22389
22412
22414
22418
22419
22421
22425
22436
22440
22460
22474
22489
22499
22529
22530
22531
22545
22546
22561
22564
22571
22586
22590
22596
22603
22604
22615
22625
22650
22654
22664
22673
22680
22688
22692
22712
22718
22729
22730
22734
22745
22748
22750
22752
22780
22781
22782
22806
22809
22814
22817
22824
22843
22853
22858
22860
22873
22878
22884
22885
22916
22920
22926
22942
22948
22949
22971
22977
22982
22984
22987
23006
23008
23009
23096
23111
23123
23138
23141
23158
23165
23167
23200
23202
23206
23227
23239
23262
23266
23275
23283
23292
23309
23311
23312
23318
23336
23359
23360
23378
23380
23386
23387
23420
23431
23435
23455
23469
23481
23484
23490
23502
23509
23511
23526
23528
23547
23548
23550
23559
23577
23583
23592
23596
23615
23631
23648
23665
23670
23676
23691
23725
23729
23733
23759
23778
23780
23781
23784
23792
23799
23815
23821
23826
23836
23838
23852
23870
23882
23894
23898
23910
23912
23925
23931
23937
23951
23953
23955
23964
23976
23977
23978
23990
23994
24002
24006
24008
24012
24014
24021
24034
24036
24037
24050
24052
24064
24065
24077
24078
24084
24088
24096
24129
24134
24136
24137
24144
24147
24154
24160
24168
24172
24178
24199
24207
24244
24250
24257
24261
24279
24295
24296
24299
24301
24306
24313
24337
24346
24357
24372
24374
24386
24390
24394
24422
24444
24455
24459
24462
24468
24483
24516
24541
24547
24554
24559
24565
24567
24578
24583
24584
24596
24599
24605
24608
24620
24629
24633
24640
24663
24664
24667
24668
24680
24723
24728
24738
24743
24767
24771
24784
24794
24797
24813
24814
24816
24822
24824
24827
24833
24836
24837
24852
24853
24854
24859
24865
24868
24873
24885
24896
24901
24907
24923
24931
24943
24945
24946
24951
24969
24970
25003
25005
25015
25018
25038
25046
25071
25082
25087
25093
25101
25118
25126
25136
25138
25139
25140
25160
25184
25185
25190
25205
25206
25208
25210
25249
25259
25269
25272
25284
25288
25293
25296
25320
25355
25369
25375
25377
25392
25396
25401
25402
25403
25411
25426
25435
25438
25445
25456
25462
25468
25495
25510
25511
25512
25527
25539
25542
25545
25576
25582
25589
25599
25606
25612
25622
25627
25644
25651
25657
25670
25672
25677
25686
25690
25716
25720
25722
25723
25728
25755
25756
25784
25794
25795
25796
25809
25814
25831
25842
25848
25858
25873
25875
25881
25882
25888
25898
25901
25924
25925
25929
25945
25971
26004
26015
26017
26023
26027
26036
26041
26055
26058
26081
26083
26088
26097
26099
26120
26124
26128
26135
26138
26140
26157
26166
26170
26190
26191
26206
26207
26223
26226
26231
26236
26247
26252
26257
26271
26285
26301
26305
26307
26312
26323
26332
26340
26344
26362
26379
26383
26393
26398
26423
26430
26435
26438
26451
26461
26463
26476
26477
26504
26509
26516
26524
26528
26530
26533
26537
26549
26555
26564
26583
26591
26599
26602
26679
26682
26688
26692
26700
26704
26705
26712
26720
26745
26748
26757
26808
26849
26860
26862
26863
26868
26874
26880
26886
26890
26907
26919
26926
26930
26932
26933
26934
26941
26945
26995
27003
27013
27020
27024
27031
27033
27036
27037
27040
27052
27061
27078
27086
27092
27099
27101
27111
27115
27144
27149
27156
27169
27183
27186
27187
27190
27204
27221
27224
27226
27244
27245
27262
27266
27271
27274
27279
27282
27287
27307
27311
27317
27336
27342
27343
27349
27351
27360
27364
27376
27377
27392
27393
27422
27455
27458
27459
27462
27464
27480
27483
27484
27503
27518
27520
27539
27561
27562
27580
27591
27593
27596
27605
27607
27611
27612
27627
27635
27652
27654
27655
27656
27663
27669
27671
27672
27680
27687
27698
27706
27712
27717
27734
27741
27752
27753
27774
27784
27790
27794
27796
27812
27814
27824
27851
27877
27878
27923
27934
27978
27979
27988
27999
28012
28020
28031
28035
28041
28046
28062
28073
28075
28083
28091
28101
28109
28125
28137
28169
28173
28182
28192
28260
28277
28301
28311
28322
28327
28339
28345
28349
28352
28355
28357
28371
28375
28387
28419
28440
28442
28460
28472
28491
28503
28506
28525
28531
28539
28553
28554
28570
28574
28577
28583
28587
28589
28598
28603
28621
28634
28637
28638
28639
28642
28661
28664
28679
28690
28693
28700
28716
28718
28729
28763
28767
28771
28799
28809
28810
28829
28842
28872
28881
28882
28883
28887
28894
28931
28935
28936
28941
28953
28955
28958
28963
28969
28971
28988
28989
28992
29000
29001
29013
29020
29026
29031
29035
29036
29039
29040
29044
29060
29078
29079
29081
29089
29090
29106
29107
29130
29144
29148
29149
29154
29155
29166
29179
29213
29216
29231
29257
29277
29278
29296
29304
29305
29308
29317
29346
29347
29363
29376
29390
29404
29408
29409
29435
29441
29447
29457
29458
29469
29482
29483
29491
29499
29515
29528
29541
29565
29566
29599
29610
29612
29615
29621
29644
29647
29650
29654
29670
29671
29677
29679
29706
29713
29743
29746
29750
29756
29761
29766
29797
29802
29808
29818
29826
29828
29845
29856
29862
29864
29872
29881
29892
29904
29911
29915
29931
29948
29959
29981
29982
30003
30020
30026
30033
30058
30067
30077
30081
30112
30115
30119
30124
30126
30133
30139
30145
30151
30159
30171
30174
30186
30199
30236
30243
30245
30247
30259
30266
30283
30287
30291
30298
30308
30315
30318
30319
30330
30346
30349
30352
30357
30366
30368
30370
30378
30389
30396
30398
30404
30411
30414
30417
30419
30435
30464
30471
30477
30486
30497
30498
30499
30514
30516
30521
30523
30527
30547
30562
30577
30583
30592
30601
30607
30608
30611
30612
30625
30626
30654
30655
30656
30659
30663
30671
30678
30691
30698
30699
30703
30705
30708
30712
30714
30716
30722
30729
30731
30756
30757
30774
30775
30782
30807
30816
30825
30835
30840
30843
30851
30867
30875
30881
30907
30917
30922
30923
30958
30970
31016
31019
31056
31057
31069
31073
31103
31118
31125
31127
31131
31142
31143
31156
31160
31170
31175
31176
31182
31187
31196
31206
31214
31230
31231
31232
31261
31263
31288
31289
31304
31306
31310
31340
31354
31361
31363
31377
31383
31396
31400
31425
31427
31433
31435
31436
31448
31470
31471
31494
31495
31500
31507
31508
31512
31513
31520
31527
31537
31539
31566
31572
31583
31592
31595
31598
31609
31611
31631
31635
31680
31693
31703
31721
31734
31740
31742
31756
31778
31779
31788
31794
31798
31801
31803
31810
31814
31815
31820
31826
31840
31846
31848
31863
31868
31884
31890
31899
31942
31947
31953
31959
31973
31976
31978
31990
31996
32006
32009
32014
32016
32023
32057
32065
32078
32086
32091
32113
32125
32134
32143
32145
32150
32157
32164
32165
32171
32185
32187
32196
32216
32224
32241
32254
32266
32270
32277
32288
32299
32303
32308
32311
32348
32360
32368
32373
32392
32405
32406
32408
32413
32433
32476
32495
32524
32540
32553
32583
32585
32589
32604
32617
32622
32634
32638
32648
32654
32671
32673
32685
32688
32689
32704
32708
32709
32712
32720
32743
32746
32755
32770
32779
32787
32792
32796
32797
32820
32849
32862
32865
32877
32879
32882
32895
32896
32901
32911
32912
32924
32927
32963
32973
32977
32985
32991
32993
32997
33012
33016
33019
33027
33034
33035
33040
33043
33047
33060
33062
33069
33070
33076
33095
33119
33126
33138
33148
33156
33164
33177
33179
33180
33185
33220
33225
33235
33265
33269
33275
33280
33288
33289
33319
33339
33341
33346
33356
33360
33361
33378
33381
33382
33393
33397
33416
33417
33427
33428
33436
33445
33450
33459
33474
33475
33477
33479
33501
33514
33520
33521
33525
33529
33531
33555
33583
33584
33585
33607
33615
33630
33633
33634
33635
33642
33646
33666
33669
33675
33679
33699
33724
33733
33738
33740
33745
33748
33750
33754
33760
33769
33770
33771
33772
33845
33852
33885
33888
33894
33896
33901
33912
33930
33941
33945
33956
33966
33968
33985
33988
33990
34001
34004
34028
34030
34042
34056
34057
34070
34080
34088
34110
34117
34140
34144
34148
34155
34166
34182
34214
34217
34225
34227
34231
34232
34236
34243
34244
34245
34250
34251
34282
34291
34296
34301
34323
34325
34362
34363
34367
34384
34386
34402
34406
34409
34413
34431
34439
34458
34500
34512
34528
34567
34580
34586
34587
34590
34594
34595
34599
34609
34612
34616
34620
34623
34626
34635
34647
34661
34662
34689
34698
34703
34718
34719
34723
34724
34741
34748
34762
34767
34771
34776
34783
34789
34793
34803
34805
34806
34809
34814
34818
34833
34839
34844
34849
34881
34882
34888
34895
34918
34920
34921
34925
34931
34932
34938
34947
34948
34970
34976
34994
35003
35025
35027
35036
35046
35055
35062
35064
35068
35077
35083
35090
35096
35103
35111
35123
35126
35130
35140
35142
35150
35154
35166
35167
35199
35214
35242
35256
35260
35277
35281
35300
35326
35331
35333
35346
35347
35349
35359
35363
35382
35395
35396
35404
35412
35418
35428
35431
35440
35443
35448
35449
35452
35453
35456
35462
35473
35478
35497
35524
35532
35543
35556
35563
35566
35571
35577
35598
35611
35619
35621
35647
35656
35663
35678
35717
35721
35728
35741
35742
35744
35757
35758
35775
35776
35783
35805
35834
35842
35847
35865
35891
35899
35912
35923
35931
35951
35964
35977
35986
35989
35990
35991
36013
36028
36037
36040
36041
36065
36090
36098
36126
36134
36142
36148
36155
36157
36165
36180
36181
36191
36192
36195
36202
36213
36216
36221
36265
36271
36303
36308
36322
36326
36349
36361
36363
36384
36389
36402
36403
36427
36449
36467
36474
36476
36480
36487
36504
36507
36508
36527
36551
36554
36565
36570
36575
36590
36592
36607
36610
36611
36631
36633
36636
36649
36663
36701
36713
36723
36733
36747
36753
36757
36776
36796
36800
36805
36813
36815
36842
36857
36868
36876
36890
36895
36899
36904
36905
36939
36942
36948
36949
36984
37034
37048
37056
37060
37064
37083
37085
37091
37105
37107
37109
37116
37139
37141
37143
37169
37172
37178
37179
37187
37189
37191
37194
37208
37221
37236
37263
37265
37274
37291
37296
37305
37307
37312
37327
37353
37354
37372
37374
37383
37419
37420
37435
37450
37451
37456
37474
37477
37486
37500
37518
37528
37531
37534
37535
37537
37557
37562
37568
37576
37578
37580
37584
37595
37598
37603
37638
37639
37655
37660
37662
37663
37668
37669
37674
37675
37682
37683
37685
37693
37712
37719
37734
37760
37762
37763
37769
37777
37779
37787
37796
37814
37817
37835
37837
37839
37850
37851
37868
37876
37886
37892
37902
37903
37914
37924
37926
37928
37929
37958
37962
37979
37990
38010
38017
38030
38062
38075
38088
38089
38100
38106
38113
38114
38123
38131
38136
38137
38140
38146
38150
38163
38166
38170
38181
38188
38192
38196
38197
38207
38211
38221
38228
38238
38243
38257
38271
38298
38309
38321
38329
38338
38347
38364
38380
38383
38386
38388
38402
38413
38414
38434
38440
38449
38466
38477
38478
38490
38500
38504
38536
38537
38560
38598
38625
38633
38642
38648
38654
38666
38686
38699
38761
38765
38782
38784
38788
38810
38813
38835
38851
38852
38860
38865
38876
38879
38884
38889
38910
38921
38941
38949
38953
38957
38961
38962
38964
38988
38998
39008
39032
39037
39039
39047
39053
39058
39068
39071
39079
39082
39093
39103
39126
39129
39146
39149
39164
39165
39172
39204
39246
39249
39289
39303
39304
39312
39315
39335
39355
39366
39387
39397
39400
39402
39403
39408
39452
39471
39475
39483
39485
39492
39499
39500
39514
39521
39539
39540
39545
39589
39607
39613
39633
39653
39658
39705
39718
39723
39725
39728
39735
39749
39814
39819
39839
39849
39854
39859
39863
39870
39873
39876
39877
39884
39887
39914
39927
39929
39933
39945
39960
39967
39986
39990
40001
40003
40005
40010
40022
40024
40030
40064
40086
40105
40110
40122
40160
40169
40207
40221
40250
40264
40269
40272
40274
40275
40281
40282
40290
40295
40298
40299
40342
40345
40346
40354
40376
40381
40412
40416
40418
40425
40444
40449
40453
40456
40459
40476
40481
40487
40497
40499
40507
40511
40523
40535
40549
40554
40558
40566
40599
40611
40629
40633
40677
40684
40690
40700
40729
40738
40744
40764
40775
40794
40824
40843
40847
40857
40858
40862
40882
40888
40911
40917
40924
40932
40940
40948
40951
40954
40960
40980
40992
40993
41003
41006
41053
41055
41062
41066
41071
41072
41077
41082
41084
41116
41118
41122
41125
41130
41191
41201
41204
41224
41240
41248
41259
41276
41295
41298
41303
41352
41365
41367
41374
41379
41386
41405
41437
41444
41451
41461
41468
41471
41472
41486
41512
41520
41522
41542
41554
41562
41570
41572
41586
41620
41624
41640
41642
41657
41666
41684
41690
41703
41708
41713
41720
41724
41728
41733
41745
41755
41756
41764
41779
41804
41814
41830
41833
41857
41868
41869
41875
41877
41882
41897
41898
41900
41920
41934
41938
41944
41948
41963
41967
41970
41992
41993
42003
42009
42013
42028
42042
42068
42072
42082
42084
42094
42105
42128
42139
42145
42147
42152
42154
42155
42156
42160
42175
42185
42191
42198
42208
42212
42220
42236
42241
42259
42297
42298
42299
42302
42308
42324
42328
42347
42366
42383
42398
42401
42411
42426
42434
42443
42453
42459
42467
42473
42474
42504
42523
42534
42540
42560
42564
42567
42569
42587
42588
42591
42595
42599
42603
42611
42613
42634
42637
42642
42654
42658
42664
42669
42689
42693
42704
42706
42707
42715
42733
42742
42753
42764
42767
42807
42808
42825
42827
42846
42868
42875
42877
42890
42894
42898
42901
42904
42906
42932
42950
43013
43077
43085
43100
43106
43139
43141
43151
43169
43187
43192
43195
43207
43216
43231
43232
43234
43236
43243
43261
43276
43285
43291
43298
43312
43319
43324
43360
43363
43369
43377
43389
43397
43409
43411
43415
43425
43438
43464
43465
43467
43478
43481
43482
43503
43507
43509
43514
43527
43529
43530
43536
43538
43542
43546
43550
43557
43562
43566
43581
43584
43596
43616
43630
43634
43669
43684
43690
43707
43713
43719
43724
43733
43739
43771
43794
43805
43815
43828
43833
43835
43841
43856
43893
43898
43899
43901
43907
43921
43923
43931
43939
43943
43951
43963
43987
43996
44025
44027
44028
44033
44041
44046
44062
44073
44081
44090
44095
44100
44117
44141
44142
44148
44163
44174
44189
44197
44204
44217
44221
44228
44235
44239
44241
44242
44246
44250
44263
44296
44321
44376
44394
44428
44434
44451
44459
44461
44471
44476
44477
44491
44494
44505
44509
44529
44541
44545
44546
44553
44559
44563
44564
44567
44588
44595
44603
44619
44623
44646
44664
44672
44678
44692
44707
44728
44749
44751
44754
44774
44784
44789
44791
44794
44804
44815
44822
44840
44849
44857
44892
44895
44896
44904
44910
44921
44924
44930
44953
44958
44961
44967
44986
44993
44997
45003
45007
45013
45025
45026
45029
45032
45047
45049
45052
45053
45060
45067
45068
45075
45089
45096
45099
45116
45124
45127
45130
45131
45144
45154
45157
45179
45184
45209
45213
45245
45257
45269
45273
45276
45304
45314
45326
45343
45357
45372
45374
45385
45395
45398
45400
45401
45431
45438
45440
45458
45469
45477
45485
45501
45503
45514
45517
45525
45528
45529
45530
45533
45535
45548
45554
45558
45566
45602
45605
45606
45607
45609
45651
45655
45668
45674
45690
45693
45697
45704
45710
45721
45723
45730
45731
45732
45733
45737
45759
45769
45788
45790
45812
45859
45870
45884
45885
45895
45899
45903
45912
45915
45920
45921
45927
45930
45946
45950
45956
45962
45973
45995
45998
46008
46016
46023
46041
46073
46075
46083
46109
46110
46117
46118
46122
46129
46148
46155
46196
46197
46204
46205
46209
46221
46222
46242
46266
46280
46289
46300
46303
46315
46343
46356
46366
46370
46374
46392
46395
46403
46406
46411
46421
46441
46452
46480
46493
46519
46526
46530
46531
46541
46542
46560
46570
46578
46603
46638
46646
46659
46685
46686
46690
46693
46702
46719
46722
46739
46744
46746
46755
46765
46766
46777
46780
46790
46791
46792
46796
46834
46845
46860
46874
46875
46882
46894
46905
46910
46934
46945
46947
46956
46957
46959
46963
46975
46980
46981
46982
46986
46993
46997
47010
47015
47022
47035
47040
47059
47071
47077
47090
47103
47114
47118
47138
47156
47169
47178
47194
47205
47207
47223
47224
47228
47234
47246
47257
47263
47269
47280
47287
47291
47292
47294
47307
47322
47324
47331
47332
47342
47343
47362
47367
47369
47372
47405
47436
47444
47445
47453
47458
47467
47469
47474
47510
47520
47526
47541
47545
47547
47552
47569
47572
47586
47591
47598
47628
47652
47657
47658
47670
47675
47677
47693
47700
47706
47709
47710
47730
47732
47761
47766
47768
47774
47787
47818
47822
47835
47851
47858
47859
47875
47887
47889
47901
47905
47908
47913
47928
47929
47939
47940
47955
47959
47960
47966
47985
47994
47997
48004
48009
48028
48033
48042
48049
48052
48061
48064
48067
48108
48111
48112
48134
48143
48149
48161
48172
48176
48191
48196
48197
48203
48213
48225
48236
48242
48264
48268
48270
48281
48282
48289
48300
48315
48316
48330
48339
48348
48404
48430
48433
48436
48443
48478
48499
48509
48512
48522
48530
48533
48539
48544
48549
48553
48555
48580
48588
48605
48610
48612
48625
48627
48635
48642
48647
48665
48669
48670
48681
48682
48685
48687
48701
48703
48705
48729
48741
48745
48750
48761
48770
48771
48813
48822
48842
48851
48867
48869
48876
48884
48890
48937
48940
48943
48950
48952
48969
48972
48974
49004
49011
49019
49021
49031
49045
49058
49074
49077
49078
49096
49121
49125
49126
49128
49136
49169
49177
49189
49193
49196
49209
49219
49226
49229
49240
49252
49273
49274
49280
49313
49314
49315
49321
49330
49332
49347
49349
49353
49356
49386
49389
49391
49398
49403
49411
49418
49421
49422
49427
49428
49437
49450
49452
49468
49479
49484
49488
49494
49498
49516
49520
49528
49539
49547
49556
49561
49568
49598
49610
49611
49618
49621
49628
49645
49646
49657
49660
49695
49704
49726
49728
49748
49756
49797
49799
49825
49831
49835
49853
49863
49864
49865
49872
49891
49896
49931
49945
49973
49982
49994
49996
50013
50016
50028
50029
50035
50039
50041
50046
50054
50078
50079
50100
50108
50117
50121
50125
50151
50156
50172
50190
50203
50204
50209
50214
50233
50238
50255
50267
50289
50300
50302
50308
50310
50312
50320
50331
50340
50343
50346
50348
50355
50360
50374
50409
50414
50415
50418
50427
50433
50438
50440
50443
50449
50455
50481
50488
50509
50510
50517
50524
50537
50541
50554
50557
50559
50569
50570
50572
50578
50583
50607
50613
50626
50633
50639
50643
50646
50680
50682
50706
50712
50713
50722
50738
50746
50770
50772
50777
50783
50787
50812
50817
50826
50829
50834
50843
50859
50862
50866
50870
50875
50907
50908
50915
50921
50928
50931
50944
50949
50956
50958
50964
50972
50974
50986
50992
50997
51005
51015
51023
51034
51054
51056
51078
51087
51088
51090
51110
51119
51130
51133
51141
51147
51152
51159
51164
51171
51175
51184
51187
51217
51222
51232
51262
51278
51283
51311
51315
51316
51326
51327
51347
51359
51368
51369
51375
51378
51381
51389
51400
51409
51413
51415
51446
51450
51463
51479
51480
51484
51504
51512
51528
51532
51536
51582
51590
51605
51608
51616
51654
51656
51660
51665
51689
51695
51701
51702
51709
51720
51759
51762
51782
51787
51827
51856
51862
51869
51881
51882
51883
51889
51902
51910
51912
51918
51919
51930
51932
51948
51949
51951
51962
51969
51980
51988
51996
52001
52005
52018
52024
52027
52030
52032
52035
52040
52046
52050
52066
52099
52100
52104
52127
52141
52162
52182
52187
52195
52198
52200
52204
52211
52227
52231
52243
52249
52251
52257
52279
52320
52321
52342
52345
52355
52371
52379
52385
52407
52412
52419
52422
52429
52451
52454
52469
52470
52472
52477
52478
52480
52493
52501
52505
52506
52510
52519
52531
52540
52573
52579
52597
52598
52634
52638
52644
52649
52668
52735
52747
52754
52758
52764
52795
52800
52813
52816
52820
52821
52823
52830
52836
52852
52854
52859
52861
52864
52865
52872
52876
52879
52884
52897
52903
52908
52918
52941
52960
52966
52968
52969
52993
52999
53001
53015
53025
53027
53034
53047
53058
53075
53082
53088
53149
53159
53174
53179
53184
53191
53197
53212
53229
53233
53238
53245
53257
53262
53271
53293
53298
53299
53300
53308
53312
53315
53334
53347
53357
53359
53381
53393
53412
53418
53421
53424
53433
53449
53475
53492
53495
53497
53521
53522
53528
53534
53559
53570
53571
53592
53609
53625
53643
53645
53649
53656
53659
53673
53681
53684
53686
53699
53733
53751
53762
53786
53789
53799
53805
53809
53852
53856
53857
53862
53870
53879
53880
53884
53886
53892
53901
53907
53928
53929
53932
53937
53947
53948
53970
53996
54003
54004
54019
54040
54051
54056
54073
54081
54084
54093
54103
54111
54114
54116
54117
54122
54133
54137
54153
54162
54172
54211
54230
54233
54268
54274
54286
54290
54295
54311
54328
54343
54345
54352
54353
54361
54377
54381
54386
54389
54391
54403
54405
54410
54420
54422
54427
54432
54450
54451
54459
54470
54471
54482
54496
54506
54507
54517
54518
54520
54522
54544
54546
54561
54569
54577
54581
54582
54583
54599
54602
54615
54626
54630
54635
54637
54643
54644
54661
54666
54681
54683
54704
54712
54721
54725
54740
54789
54793
54795
54810
54811
54829
54839
54840
54851
54852
54853
54869
54878
54880
54889
54895
54901
54902
54904
54915
54926
54940
54947
54969
54971
54978
54979
54984
54985
54988
54998
55011
55024
55030
55054
55072
55073
55080
55085
55088
55090
55102
55112
55125
55135
55158
55159
55160
55178
55204
55205
55212
55217
55223
55231
55234
55243
55247
55249
55252
55262
55267
55276
55287
55288
55304
55349
55354
55355
55381
55385
55393
55412
55418
55424
55435
55444
55451
55455
55457
55463
55474
55483
55487
55488
55493
55503
55523
55525
55530
55537
55561
55562
55577
55588
55592
55601
55636
55645
55663
55679
55704
55706
55733
55740
55751
55755
55760
55762
55766
55772
55777
55788
55801
55810
55822
55829
55849
55854
55877
55887
55899
55904
55905
55921
55952
55960
55975
55980
55992
56004
56010
56016
56017
56023
56027
56030
56049
56066
56081
56083
56094
56101
56103
56113
56122
56124
56138
56146
56154
56162
56166
56173
56178
56184
56220
56248
56262
56284
56294
56302
56332
56347
56362
56367
56369
56396
56398
56401
56404
56432
56434
56442
56443
56446
56450
56467
56469
56483
56498
56503
56539
56562
56574
56577
56581
56586
56595
56615
56625
56631
56645
56650
56651
56654
56658
56664
56674
56676
56682
56690
56692
56696
56729
56737
56744
56771
56781
56810
56814
56819
56823
56824
56833
56868
56910
56911
56922
56925
56933
56936
56944
56948
56961
56964
56967
56988
56997
57013
57021
57025
57026
57029
57032
57048
57075
57078
57084
57092
57098
57106
57115
57117
57129
57135
57147
57151
57155
57160
57180
57195
57206
57211
57217
57225
57232
57233
57246
57254
57261
57285
57292
57300
57311
57315
57321
57331
57343
57350
57351
57353
57361
57369
57377
57391
57393
57398
57414
57416
57417
57432
57439
57441
57451
57483
57485
57489
57518
57534
57549
57579
57590
57592
57594
57597
57600
57601
57635
57645
57653
57657
57673
57677
57693
57707
57709
57719
57738
57743
57754
57758
57770
57774
57780
57783
57808
57817
57828
57851
57859
57860
57877
57884
57885
57894
57900
57904
57906
57908
57918
57923
57930
57950
57962
57966
57974
57976
57979
57989
57995
58017
58022
58034
58036
58058
58061
58064
58085
58092
58097
58101
58107
58115
58119
58128
58132
58135
58140
58141
58142
58150
58152
58164
58175
58189
58190
58210
58225
58230
58232
58233
58243
58254
58267
58279
58282
58287
58325
58335
58339
58356
58367
58368
58384
58420
58421
58430
58431
58442
58448
58455
58462
58465
58470
58482
58492
58494
58497
58501
58505
58515
58520
58521
58538
58549
58557
58560
58571
58575
58579
58585
58591
58596
58600
58635
58646
58659
58672
58676
58687
58690
58691
58696
58697
58722
58726
58727
58742
58753
58775
58784
58790
58794
58801
58803
58807
58816
58843
58848
58850
58869
58888
58906
58910
58911
58914
58918
58925
58931
58963
58981
58986
59004
59008
59039
59044
59047
59059
59082
59094
59108
59142
59146
59147
59157
59164
59174
59184
59195
59203
59213
59225
59252
59266
59268
59287
59288
59294
59314
59337
59346
59366
59376
59382
59385
59387
59399
59400
59416
59419
59428
59441
59462
59469
59480
59493
59496
59498
59511
59513
59523
59538
59540
59554
59570
59578
59582
59603
59604
59614
59615
59619
59653
59654
59665
59702
59708
59730
59737
59740
59742
59747
59753
59754
59755
59759
59764
59771
59777
59778
59782
59788
59797
59810
59817
59842
59843
59862
59865
59895
59899
59903
59907
59913
59923
59928
59929
59931
59937
59939
59942
59946
59954
59960
59978
59983
59990
59999
60001
60011
60033
60036
60046
60060
60068
60093
60097
60115
60118
60123
60134
60146
60149
60160
60162
60172
60173
60195
60198
60203
60206
60210
60211
60215
60220
60231
60247
60248
60252
60257
60261
60279
60281
60282
60292
60328
60342
60365
60372
60373
60376
60379
60380
60384
60396
60398
60399
60400
60404
60411
60423
60434
60465
60466
60484
60485
60509
60512
60514
60526
60534
60542
60548
60570
60577
60578
60584
60590
60596
60628
60629
60634
60635
60645
60650
60666
60671
60673
60696
60699
60726
60728
60729
60743
60762
60768
60785
60787
60799
60810
60821
60828
60841
60843
60859
60873
60875
60879
60881
60891
60894
60896
60907
60911
60914
60927
60947
60952
60984
60996
61005
61018
61019
61021
61026
61036
61050
61067
61069
61071
61079
61086
61102
61106
61124
61142
61149
61190
61195
61198
61210
61217
61232
61245
61247
61249
61254
61259
61262
61273
61274
61276
61283
61285
61290
61326
61331
61378
61385
61393
61430
61434
61435
61437
61440
61461
61467
61497
61502
61506
61519
61528
61546
61547
61550
61558
61560
61583
61590
61600
61605
61618
61619
61626
61635
61640
61643
61644
61647
61652
61658
61659
61691
61708
61710
61732
61744
61746
61751
61754
61765
61768
61773
61789
61793
61807
61816
61817
61831
61832
61835
61841
61843
61847
61854
61857
61864
61872
61885
61887
61897
61911
61922
61944
61956
61961
61967
61981
61983
61987
61990
61995
61996
62009
62026
62037
62042
62043
62045
62075
62081
62121
62131
62134
62153
62210
62213
62215
62225
62249
62271
62282
62287
62291
62306
62308
62311
62313
62315
62320
62324
62325
62337
62343
62347
62365
62379
62388
62398
62429
62430
62436
62442
62497
62518
62521
62524
62530
62531
62532
62563
62571
62596
62610
62616
62620
62621
62628
62629
62639
62640
62644
62664
62673
62691
62696
62704
62720
62748
62772
62790
62796
62806
62818
62826
62839
62842
62860
62869
62871
62879
62894
62909
62910
62911
62917
62922
62927
62932
62954
62972
62980
62994
63009
63016
63024
63043
63049
63060
63061
63105
63139
63161
63170
63181
63203
63211
63217
63218
63223
63228
63263
63273
63274
63276
63288
63300
63321
63334
63340
63345
63347
63350
63374
63378
63388
63409
63412
63424
63447
63465
63501
63504
63508
63510
63523
63538
63539
63548
63578
63583
63602
63619
63625
63629
63635
63652
63663
63670
63674
63682
63687
63691
63700
63710
63720
63734
63735
63751
63754
63757
63772
63778
63787
63793
63813
63820
63832
63834
63861
63863
63864
63870
63874
63880
63881
63886
63894
63896
63910
63920
63934
63936
63956
63977
63978
64002
64004
64011
64017
64024
64032
64045
64055
64064
64068
64070
64076
64077
64094
64119
64124
64129
64133
64137
64169
64203
64209
64212
64216
64217
64223
64224
64233
64248
64254
64266
64267
64278
64289
64315
64322
64337
64347
64363
64374
64406
64412
64420
64423
64429
64430
64432
64440
64445
64465
64478
64492
64505
64506
64509
64530
64534
64545
64552
64557
64567
64577
64617
64618
64620
64625
64631
64636
64643
64657
64667
64685
64691
64697
64707
64721
64723
64726
64758
64789
64803
64818
64822
64826
64828
64835
64837
64847
64857
64861
64863
64868
64870
64871
64873
64879
64887
64908
64925
64944
64973
64975
64993
65011
65018
65019
65024
65034
65038
65045
65055
65058
65062
65072
65081
65083
65100
65101
65106
65119
65123
65135
65143
65153
65166
65173
65176
65181
65189
65196
65201
65213
65216
65235
65260
65262
65299
65306
65312
65356
65370
65383
65398
65405
65420
65423
65439
65441
65453
65454
65457
65486
65496
65499
65508
65511
65533
65544
65552
65575
65599
65616
65620
65624
65628
65653
65666
65672
65688
65691
65699
65706
65708
65713
65739
65761
65769
65772
65775
65778
65779
65784
65795
65798
65807
65816
65820
65848
65854
65858
65859
65865
65868
65884
65885
65887
65890
65899
65900
65925
65930
65933
65960
65965
65968
65987
66002
66010
66036
66038
66049
66058
66069
66079
66081
66084
66089
66097
66107
66109
66116
66128
66134
66135
66140
66160
66182
66187
66195
66201
66236
66242
66245
66255
66265
66283
66284
66288
66290
66297
66306
66309
66312
66314
66327
66351
66354
66360
66383
66398
66400
66401
66413
66421
66425
66439
66444
66456
66491
66500
66508
66518
66527
66530
66545
66552
66556
66559
66561
66570
66586
66596
66598
66612
66624
66627
66628
66650
66665
66668
66680
66689
66690
66705
66727
66728
66733
66750
66787
66793
66816
66829
66833
66837
66839
66846
66864
66865
66868
66882
66899
66912
66915
66925
66928
66959
66969
66970
66971
66994
67025
67027
67049
67058
67061
67068
67069
67091
67096
67108
67109
67134
67156
67159
67204
67213
67225
67228
67243
67245
67260
67268
67279
67291
67295
67305
67310
67313
67329
67333
67337
67342
67343
67345
67351
67365
67372
67382
67390
67394
67397
67419
67421
67430
67433
67455
67474
67487
67493
67499
67507
67521
67525
67529
67560
67561
67562
67569
67576
67581
67588
67590
67627
67655
67656
67658
67665
67673
67681
67683
67707
67749
67776
67779
67799
67831
67848
67854
67875
67893
67898
67912
67918
67919
67923
67935
67946
67950
67963
67978
67982
67984
67987
67991
67993
67997
68005
68019
68021
68032
68036
68037
68041
68049
68050
68077
68092
68097
68099
68123
68138
68139
68142
68145
68148
68177
68187
68188
68236
68240
68254
68264
68274
68277
68287
68298
68299
68313
68315
68318
68323
68334
68337
68339
68345
68351
68357
68363
68364
68380
68400
68404
68419
68441
68443
68449
68450
68451
68453
68487
68503
68510
68521
68522
68529
68530
68540
68548
68560
68581
68598
68601
68609
68614
68622
68630
68647
68654
68658
68668
68671
68694
68705
68714
68716
68721
68728
68736
68744
68751
68763
68772
68776
68780
68787
68808
68811
68824
68834
68859
68860
68872
68887
68899
68906
68907
68925
68929
68930
68955
68981
68984
68985
68996
69013
69016
69018
69022
69029
69034
69035
69036
69038
69059
69080
69096
69107
69108
69111
69114
69138
69142
69145
69146
69147
69148
69150
69154
69155
69177
69184
69189
69190
69198
69212
69228
69230
69236
69248
69262
69265
69269
69278
69279
69282
69299
69309
69318
69329
69377
69378
69380
69384
69394
69409
69413
69415
69425
69435
69445
69447
69460
69469
69473
69529
69531
69541
69547
69555
69559
69564
69567
69568
69570
69582
69598
69608
69612
69618
69628
69634
69640
69660
69662
69666
69689
69700
69751
69754
69764
69765
69789
69804
69807
69843
69862
69868
69872
69876
69883
69891
69912
69917
69920
69944
69947
69959
69964
69966
69980
69987
69989
69998
70003
70012
70019
70023
70026
70033
70036
70049
70050
70062
70066
70071
70083
70086
70091
70092
70110
70120
70121
70125
70126
70135
70139
70151
70153
70154
70159
70166
70177
70183
70192
70194
70201
70213
70217
70227
70230
70233
70236
70266
70282
70283
70299
70318
70320
70330
70331
70347
70377
70385
70388
70413
70417
70424
70434
70453
70455
70465
70475
70483
70493
70508
70513
70517
70527
70529
70540
70544
70550
70560
70568
70583
70596
70599
70601
70640
70643
70668
70698
70704
70716
70734
70735
70737
70740
70757
70759
70777
70779
70784
70786
70787
70810
70815
70835
70839
70844
70846
70878
70885
70895
70918
70953
70958
70962
70968
70994
71020
71028
71038
71058
71069
71082
71086
71099
71105
71121
71128
71129
71132
71147
71153
71154
71184
71201
71229
71231
71249
71251
71255
71256
71271
71282
71283
71287
71296
71329
71333
71339
71340
71343
71344
71368
71386
71387
71412
71426
71446
71458
71461
71464
71492
71497
71500
71514
71525
71526
71533
71549
71551
71559
71588
71597
71613
71618
71619
71638
71658
71668
71678
71684
71688
71692
71716
71729
71736
71764
71768
71769
71773
71779
71782
71795
71796
71807
71817
71849
71865
71878
71884
71918
71941
71951
71955
71957
71958
71963
71967
71977
71978
72003
72023
72024
72030
72038
72045
72053
72058
72082
72091
72094
72125
72134
72136
72146
72158
72162
72172
72176
72181
72182
72193
72201
72205
72211
72236
72240
72244
72256
72270
72276
72302
72310
72311
72318
72319
72328
72330
72340
72365
72388
72391
72393
72396
72403
72418
72423
72450
72458
72471
72483
72486
72495
72496
72497
72529
72546
72553
72568
72575
72577
72583
72591
72592
72599
72617
72620
72626
72634
72648
72655
72656
72658
72660
72663
72664
72666
72670
72684
72701
72714
72724
72750
72755
72769
72795
72811
72813
72820
72824
72825
72828
72830
72833
72842
72852
72856
72866
72875
72887
72903
72905
72909
72926
72931
72933
72950
72952
72962
72972
72999
73003
73018
73021
73029
73076
73077
73084
73091
73093
73107
73119
73121
73124
73125
73129
73139
73142
73143
73148
73164
73174
73175
73180
73182
73186
73188
73217
73221
73223
73226
73236
73258
73259
73265
73269
73275
73291
73300
73321
73325
73330
73343
73345
73382
73395
73399
73406
73411
73436
73445
73451
73470
73500
73504
73517
73519
73541
73547
73557
73564
73575
73589
73591
73593
73603
73632
73633
73639
73640
73657
73668
73684
73690
73692
73703
73710
73738
73742
73744
73762
73780
73800
73805
73818
73838
73841
73849
73866
73867
73870
73876
73890
73892
73893
73909
73915
73922
73959
73960
73969
73974
73980
73991
73997
74005
74026
74034
74062
74072
74076
74085
74088
74097
74099
74106
74107
74113
74117
74128
74135
74173
74174
74179
74186
74188
74202
74224
74242
74260
74262
74272
74274
74279
74295
74304
74315
74337
74343
74344
74347
74352
74353
74361
74366
74368
74376
74381
74386
74396
74400
74422
74423
74427
74477
74479
74518
74537
74547
74548
74555
74564
74569
74597
74599
74606
74614
74652
74655
74679
74680
74684
74685
74698
74699
74712
74720
74725
74727
74741
74748
74757
74759
74767
74768
74783
74802
74825
74861
74862
74865
74882
74885
74899
74929
74933
74938
74941
74943
74945
74951
74964
74966
74988
74996
75023
75035
75039
75046
75072
75082
75084
75088
75092
75094
75095
75098
75114
75157
75158
75160
75163
75165
75175
75182
75185
75191
75194
75218
75231
75248
75264
75266
75277
75293
75295
75303
75321
75323
75342
75345
75359
75377
75380
75382
75387
75394
75403
75408
75413
75423
75447
75448
75461
75466
75471
75472
75483
75493
75495
75497
75501
75502
75529
75542
75550
75554
75564
75610
75621
75638
75641
75652
75654
75669
75678
75696
75698
75703
75707
75711
75717
75724
75737
75742
75745
75777
75804
75805
75831
75842
75851
75858
75872
75887
75904
75907
75913
75917
75927
75928
75933
75936
75942
75948
75976
75980
75981
75994
76002
76013
76014
76024
76031
76034
76038
76040
76041
76046
76050
76057
76068
76072
76099
76106
76109
76112
76120
76160
76162
76175
76184
76187
76192
76197
76199
76201
76213
76220
76221
76222
76242
76271
76275
76282
76303
76322
76326
76331
76356
76374
76375
76381
76384
76390
76417
76439
76454
76455
76471
76478
76480
76488
76499
76511
76523
76538
76550
76551
76557
76567
76568
76591
76601
76617
76623
76640
76643
76655
76657
76677
76689
76704
76710
76716
76737
76753
76771
76773
76782
76786
76790
76791
76804
76811
76814
76819
76841
76878
76891
76894
76896
76923
76926
76927
76959
76964
76971
76978
76987
77000
77011
77023
77086
77090
77095
77099
77101
77134
77153
77159
77186
77191
77202
77211
77231
77233
77253
77266
77268
77277
77298
77362
77368
77376
77384
77393
77401
77412
77413
77424
77428
77432
77450
77455
77459
77473
77501
77507
77513
77515
77517
77529
77541
77557
77565
77567
77580
77597
77607
77618
77626
77628
77629
77641
77654
77655
77661
77667
77674
77675
77687
77689
77692
77694
77720
77723
77731
77738
77778
77791
77798
77801
77819
77820
77821
77822
77835
77853
77859
77863
77872
77881
77890
77902
77912
77927
77929
77946
77950
77960
77974
77978
77985
78007
78032
78036
78046
78050
78066
78069
78097
78099
78100
78104
78126
78131
78134
78155
78158
78170
78195
78199
78212
78228
78233
78236
78237
78241
78242
78244
78255
78268
78269
78275
78277
78289
78299
78300
78304
78313
78314
78317
78331
78332
78336
78350
78358
78359
78367
78380
78383
78390
78395
78411
78413
78454
78482
78499
78515
78516
78524
78525
78526
78528
78531
78539
78543
78548
78581
78586
78589
78608
78616
78639
78647
78657
78687
78698
78699
78707
78724
78728
78739
78763
78765
78771
78780
78782
78789
78797
78800
78805
78840
78844
78847
78848
78903
78919
78933
78940
78952
78965
78967
78984
78985
79000
79003
79008
79033
79034
79053
79067
79071
79095
79110
79112
79125
79140
79141
79144
79157
79169
79176
79196
79197
79203
79210
79219
79225
79239
79246
79256
79257
79274
79276
79288
79290
79299
79334
79335
79351
79365
79368
79376
79388
79392
79394
79399
79402
79408
79412
79433
79438
79445
79452
79464
79465
79476
79486
79489
79494
79500
79513
79522
79537
79539
79542
79545
79558
79565
79572
79588
79595
79598
79659
79662
79676
79685
79711
79743
79767
79768
79773
79785
79791
79795
79799
79811
79815
79817
79829
79844
79852
79853
79863
79875
79892
79916
79917
79922
79940
79948
79958
79982
79994
80032
80035
80036
80037
80054
80057
80069
80082
80092
80098
80099
80113
80118
80120
80123
80129
80137
80168
80172
80176
80188
80189
80212
80223
80228
80240
80242
80256
80260
80262
80276
80288
80303
80328
80340
80350
80351
80364
80368
80369
80373
80374
80386
80389
80421
80449
80451
80460
80469
80480
80483
80493
80495
80535
80539
80597
80601
80607
80628
80631
80665
80676
80681
80705
80718
80737
80739
80744
80751
80764
80768
80772
80773
80774
80795
80801
80816
80820
80826
80842
80847
80850
80856
80881
80886
80889
80899
80918
80935
80938
80973
80983
80993
81010
81017
81019
81028
81029
81032
81041
81046
81054
81059
81082
81088
81095
81099
81105
81123
81156
81180
81211
81213
81214
81216
81228
81238
81307
81311
81321
81332
81342
81353
81363
81389
81400
81403
81415
81456
81475
81490
81492
81505
81512
81524
81542
81554
81555
81558
81574
81585
81591
81604
81606
81609
81619
81622
81623
81634
81638
81639
81654
81666
81667
81671
81673
81674
81681
81695
81712
81714
81721
81722
81741
81742
81749
81752
81753
81755
81756
81767
81773
81775
81780
81788
81794
81799
81821
81829
81831
81833
81834
81854
81870
81878
81881
81892
81897
81904
81922
81946
81947
81949
81958
81972
81976
81979
81991
82008
82020
82022
82051
82055
82056
82057
82067
82077
82078
82081
82084
82087
82090
82099
82106
82122
82133
82141
82163
82188
82194
82199
82203
82208
82211
82226
82235
82236
82242
82244
82247
82261
82262
82272
82276
82286
82287
82307
82321
82329
82331
82335
82339
82342
82345
82354
82361
82362
82374
82380
82385
82386
82392
82399
82406
82421
82447
82453
82454
82471
82472
82482
82484
82489
82499
82502
82513
82522
82535
82542
82545
82564
82566
82567
82580
82602
82624
82633
82642
82661
82667
82674
82694
82711
82717
82731
82736
82752
82753
82771
82774
82783
82786
82790
82808
82819
82826
82827
82834
82835
82881
82886
82897
82898
82906
82918
82919
82929
82930
82934
82942
82975
82979
82981
82997
83044
83047
83051
83066
83093
83101
83137
83138
83153
83174
83178
83183
83187
83194
83201
83205
83209
83254
83267
83269
83272
83295
83303
83311
83317
83353
83355
83357
83366
83380
83388
83413
83417
83423
83437
83439
83449
83450
83462
83465
83468
83484
83502
83503
83504
83506
83515
83556
83560
83571
83576
83586
83591
83596
83606
83620
83626
83633
83638
83643
83658
83666
83668
83683
83688
83698
83706
83711
83713
83714
83733
83762
83763
83770
83789
83809
83810
83818
83824
83833
83835
83836
83849
83862
83865
83866
83876
83889
83890
83916
83917
83945
83965
83970
84014
84016
84047
84057
84069
84076
84077
84079
84084
84088
84101
84125
84126
84137
84175
84182
84197
84202
84222
84226
84253
84263
84269
84274
84283
84298
84350
84368
84376
84393
84419
84426
84436
84449
84455
84470
84501
84503
84513
84521
84583
84589
84596
84597
84598
84606
84634
84635
84643
84650
84653
84666
84669
84673
84685
84706
84713
84726
84730
84757
84760
84761
84782
84789
84791
84808
84811
84831
84832
84836
84842
84857
84860
84865
84870
84885
84892
84905
84914
84915
84917
84924
84926
84928
84934
84935
84936
84961
84963
84968
84972
84981
84988
85000
85004
85006
85011
85013
85017
85022
85026
85028
85036
85039
85042
85052
85058
85059
85063
85082
85089
85098
85109
85112
85122
85134
85138
85141
85145
85148
85153
85160
85163
85187
85189
85192
85206
85227
85228
85241
85243
85248
85266
85282
85292
85293
85298
85310
85333
85344
85359
85362
85408
85446
85448
85450
85465
85474
85475
85483
85490
85495
85505
85516
85531
85534
85548
85551
85552
85557
85558
85563
85564
85571
85585
85592
85598
85605
85608
85609
85619
85627
85632
85651
85665
85668
85670
85676
85682
85714
85755
85767
85769
85781
85793
85798
85810
85811
85824
85828
85838
85847
85878
85879
85880
85918
85925
85952
85956
85971
85980
85984
85990
86001
86020
86028
86031
86033
86036
86037
86038
86049
86052
86057
86070
86071
86077
86086
86087
86090
86099
86113
86117
86142
86156
86175
86185
86190
86203
86205
86212
86226
86240
86257
86270
86290
86292
86338
86343
86374
86378
86385
86400
86412
86425
86436
86449
86453
86469
86473
86474
86482
86486
86492
86512
86523
86525
86533
86534
86547
86556
86561
86562
86564
86566
86587
86589
86601
86603
86615
86624
86630
86654
86669
86681
86685
86699
86701
86720
86731
86735
86740
86745
86773
86783
86798
86804
86809
86828
86840
86857
86867
86870
86876
86907
86921
86935
86936
86937
86941
86946
86958
86971
87006
87021
87044
87045
87060
87076
87087
87093
87106
87114
87162
87169
87172
87184
87189
87191
87204
87208
87211
87220
87229
87236
87240
87259
87263
87266
87274
87278
87281
87302
87318
87325
87326
87327
87330
87335
87339
87343
87344
87349
87362
87366
87375
87420
87421
87426
87427
87430
87435
87437
87438
87445
87452
87461
87478
87479
87494
87512
87513
87522
87530
87537
87558
87565
87566
87572
87585
87586
87595
87599
87600
87647
87659
87667
87675
87683
87685
87690
87699
87706
87728
87747
87763
87770
87788
87789
87810
87830
87856
87862
87873
87875
87877
87879
87895
87901
87905
87933
87963
88004
88007
88014
88020
88021
88055
88066
88084
88091
88093
88106
88107
88126
88131
88132
88141
88145
88154
88155
88157
88185
88187
88200
88215
88237
88244
88248
88268
88269
88270
88278
88289
88296
88302
88318
88326
88342
88365
88369
88378
88413
88421
88428
88429
88432
88434
88440
88444
88471
88472
88481
88482
88495
88507
88512
88513
88521
88533
88548
88550
88553
88556
88563
88569
88573
88587
88624
88638
88642
88644
88668
88670
88672
88699
88717
88718
88750
88773
88789
88796
88808
88833
88844
88857
88870
88874
88883
88903
88918
88936
88938
88956
88965
88966
88973
88982
88991
88993
89002
89009
89036
89037
89047
89056
89070
89075
89084
89087
89097
89102
89103
89106
89108
89109
89132
89146
89148
89155
89163
89166
89167
89198
89202
89203
89208
89216
89226
89227
89237
89241
89265
89274
89277
89309
89314
89317
89323
89333
89357
89371
89388
89390
89395
89398
89411
89416
89421
89434
89435
89440
89462
89465
89469
89474
89479
89487
89511
89519
89523
89531
89545
89552
89555
89566
89570
89581
89589
89608
89626
89659
89661
89662
89668
89675
89682
89684
89685
89690
89692
89693
89694
89695
89717
89719
89720
89734
89735
89738
89746
89750
89760
89771
89776
89777
89780
89784
89790
89793
89806
89807
89823
89853
89855
89859
89860
89866
89903
89909
89917
89924
89928
89949
89964
89965
89976
89977
89987
89989
89992
89996
90007
90015
90021
90028
90053
90054
90059
90066
90067
90077
90078
90079
90112
90140
90145
90146
90175
90197
90200
90213
90218
90232
90254
90265
90268
90274
90275
90279
90281
90287
90298
90302
90306
90312
90314
90324
90330
90331
90348
90354
90358
90360
90365
90369
90376
90379
90381
90387
90412
90413
90420
90427
90430
90432
90440
90458
90464
90479
90487
90488
90497
90509
90512
90518
90526
90588
90592
90610
90659
90671
90672
90677
90692
90709
90719
90724
90740
90761
90782
90792
90799
90801
90812
90816
90820
90826
90829
90833
90843
90849
90860
90887
90890
90898
90899
90901
90914
90927
90934
90944
90954
90958
90960
90967
90989
90990
91002
91007
91016
91019
91022
91031
91032
91040
91042
91043
91054
91065
91073
91076
91100
91110
91126
91133
91137
91156
91172
91181
91189
91195
91219
91227
91238
91270
91271
91280
91284
91316
91331
91352
91353
91355
91363
91365
91373
91377
91386
91388
91396
91397
91402
91412
91414
91421
91425
91437
91458
91464
91465
91469
91475
91482
91484
91501
91504
91523
91560
91583
91589
91599
91601
91603
91609
91612
91613
91623
91624
91629
91660
91664
91670
91695
91718
91739
91752
91770
91779
91781
91784
91785
91802
91803
91804
91811
91812
91828
91831
91834
91854
91857
91868
91872
91878
91894
91909
91916
91947
91949
91976
91977
91986
91994
91995
91998
92002
92027
92032
92039
92041
92071
92078
92091
92097
92102
92103
92111
92120
92122
92123
92126
92153
92159
92164
92171
92177
92209
92214
92258
92267
92293
92296
92300
92303
92306
92308
92328
92331
92332
92340
92362
92390
92400
92410
92412
92418
92434
92448
92468
92470
92480
92484
92490
92498
92528
92531
92555
92564
92582
92609
92613
92614
92617
92635
92653
92665
92671
92680
92704
92713
92720
92727
92740
92752
92757
92768
92778
92782
92790
92793
92794
92800
92807
92811
92812
92823
92825
92826
92832
92837
92838
92863
92911
92923
92925
92927
92934
92937
92957
92960
92962
92983
92986
92987
93022
93025
93029
93030
93034
93037
93040
93049
93051
93055
93070
93074
93080
93096
93103
93105
93117
93125
93129
93132
93146
93149
93165
93167
93190
93197
93208
93222
93227
93228
93238
93244
93251
93254
93257
93265
93291
93310
93327
93331
93350
93351
93358
93367
93377
93387
93399
93400
93403
93414
93420
93428
93452
93457
93466
93476
93493
93498
93526
93534
93535
93538
93551
93568
93576
93587
93589
93597
93610
93618
93621
93641
93669
93696
93698
93700
93716
93746
93752
93773
93775
93794
93801
93806
93825
93840
93848
93851
93876
93894
93913
93936
93948
93949
93951
93958
93970
93995
94006
94011
94021
94036
94042
94073
94085
94088
94096
94099
94106
94107
94121
94125
94130
94137
94160
94161
94174
94197
94235
94255
94256
94268
94285
94292
94295
94300
94319
94329
94340
94348
94352
94358
94359
94372
94397
94404
94426
94437
94438
94461
94462
94476
94479
94480
94484
94485
94490
94494
94498
94513
94533
94540
94547
94548
94552
94572
94594
94624
94639
94641
94644
94650
94652
94665
94666
94684
94701
94705
94715
94722
94738
94740
94745
94751
94774
94778
94790
94792
94801
94814
94821
94833
94853
94855
94867
94888
94898
94918
94931
94970
94974
94977
94980
94991
94997
95006
95011
95024
95041
95090
95153
95107
95118
95123
95127
95142
95148
95152
95160
95173
95175
95176
95178
95186
95197
95203
95223
95233
95266
95268
95270
95271
95281
95285
95308
95310
95320
95324
95329
95366
95370
95372
95375
95383
95404
95411
95427
95430
95438
95450
95459
95463
95482
95493
95514
95525
95560
95562
95566
95580
95585
95595
95600
95610
95623
95634
95644
95649
95655
95658
95660
95662
95679
95681
95684
95686
95690
95691
95692
95698
95702
95743
95750
95757
95765
95781
95784
95796
95803
95821
95829
95840
95859
95868
95880
95883
95889
95895
95896
95908
95910
95943
95961
95985
95994
96000
96007
96010
96012
96014
96030
96041
96047
96048
96049
96062
96074
96078
96081
96100
96110
96115
96131
96154
96159
96168
96176
96177
96193
96204
96209
96216
96228
96249
96263
96264
96265
96279
96280
96289
96291
96328
96335
96353
96365
96375
96385
96392
96406
96437
96439
96446
96455
96468
96487
96495
96520
96524
96527
96530
96534
96558
96565
96577
96594
96600
96605
96614
96635
96648
96662
96672
96693
96699
96701
96712
96722
96762
96771
96790
96791
96793
96842
96851
96862
96864
96880
96884
96901
96906
96907
96912
96920
96928
96942
96946
96949
96956
96960
96967
96983
96988
97001
97028
97030
97031
97032
97043
97045
97046
97062
97072
97078
97079
97101
97122
97136
97144
97154
97156
97157
97161
97200
97220
97224
97230
97231
97239
97242
97246
97247
97252
97255
97260
97266
97269
97273
97292
97296
97315
97345
97351
97362
97371
97374
97387
97392
97411
97460
97491
97499
97503
97516
97519
97536
97549
97550
97553
97556
97558
97566
97567
97575
97577
97588
97594
97597
97600
97601
97602
97615
97620
97624
97639
97649
97652
97660
97666
97677
97680
97690
97717
97725
97734
97740
97747
97768
97787
97799
97802
97805
97819
97823
97830
97831
97832
97842
97843
97847
97848
97854
97856
97868
97871
97878
97885
97889
97895
97905
97907
97908
97919
97935
97971
97984
98007
98010
98012
98014
98018
98036
98039
98041
98044
98047
98065
98074
98089
98111
98117
98128
98131
98137
98170
98181
98205
98240
98250
98253
98259
98263
98266
98281
98298
98301
98307
98308
98310
98353
98357
98361
98366
98367
98411
98427
98430
98435
98460
98489
98496
98506
98511
98526
98529
98539
98546
98549
98569
98581
98582
98587
98591
98598
98608
98612
98631
98651
98653
98681
98684
98688
98689
98690
98698
98699
98721
98722
98728
98731
98752
98757
98769
98772
98788
98789
98792
98817
98835
98854
98856
98864
98865
98874
98877
98879
98884
98905
98909
98915
98923
98928
98931
98940
98944
98957
98960
98974
98985
98988
98995
99000
99004
99016
99020
99024
99034
99066
99088
99089
99090
99091
99102
99105
99108
99113
99136
99166
99168
99171
99178
99193
99199
99234
99242
99269
99273
99277
99278
99290
99302
99307
99315
99322
99328
99348
99349
99370
99374
99381
99397
99405
99429
99467
99470
99481
99491
99496
99497
99498
99509
99512
99530
99531
99543
99549
99557
99586
99595
99611
99612
99615
99619
99621
99641
99642
99643
99651
99660
99673
99677
99683
99696
99703
99721
99740
99752
99754
99770
99780
99782
99784
99787
99796
99818
99825
99830
99863
99865
99900
99916
99930
99945
99948
99952
99954
99974
99980
99987
